16 32 64 128 
8 32 64 128 
8 16 64 128 
8 16 32 128 
8 16 32 64 
4 32 64 128 
4 16 64 128 
4 16 32 128 
4 16 32 64 
4 8 64 128 
4 8 32 128 
4 8 32 64 
4 8 16 128 
4 8 16 64 
4 8 16 32 
2 32 64 128 
2 16 64 128 
2 16 32 128 
2 16 32 64 
2 8 64 128 
2 8 32 128 
2 8 32 64 
2 8 16 128 
2 8 16 64 
2 8 16 32 
2 4 64 128 
2 4 32 128 
2 4 32 64 
2 4 16 128 
2 4 16 64 
2 4 16 32 
2 4 8 128 
2 4 8 64 
2 4 8 32 
2 4 8 16 
1 32 64 128 
1 16 64 128 
1 16 32 128 
1 16 32 64 
1 8 64 128 
1 8 32 128 
1 8 32 64 
1 8 16 128 
1 8 16 64 
1 8 16 32 
1 4 64 128 
1 4 32 128 
1 4 32 64 
1 4 16 128 
1 4 16 64 
1 4 16 32 
1 4 8 128 
1 4 8 64 
1 4 8 32 
1 4 8 16 
1 2 64 128 
1 2 32 128 
1 2 32 64 
1 2 16 128 
1 2 16 64 
1 2 16 32 
1 2 8 128 
1 2 8 64 
1 2 8 32 
1 2 8 16 
1 2 4 128 
1 2 4 64 
1 2 4 32 
1 2 4 16 
1 2 4 8 
0 32 64 128 
0 16 64 128 
0 16 32 128 
0 16 32 64 
0 8 64 128 
0 8 32 128 
0 8 32 64 
0 8 16 128 
0 8 16 64 
0 8 16 32 
0 4 64 128 
0 4 32 128 
0 4 32 64 
0 4 16 128 
0 4 16 64 
0 4 16 32 
0 4 8 128 
0 4 8 64 
0 4 8 32 
0 4 8 16 
0 2 64 128 
0 2 32 128 
0 2 32 64 
0 2 16 128 
0 2 16 64 
0 2 16 32 
0 2 8 128 
0 2 8 64 
0 2 8 32 
0 2 8 16 
0 2 4 128 
0 2 4 64 
0 2 4 32 
0 2 4 16 
0 2 4 8 
0 1 64 128 
0 1 32 128 
0 1 32 64 
0 1 16 128 
0 1 16 64 
0 1 16 32 
0 1 8 128 
0 1 8 64 
0 1 8 32 
0 1 8 16 
0 1 4 128 
0 1 4 64 
0 1 4 32 
0 1 4 16 
0 1 4 8 
0 1 2 128 
0 1 2 64 
0 1 2 32 
0 1 2 16 
0 1 2 8 
0 1 2 4 
#nb solution: 126
